assets/levels/1
132
10 10
0 0 1000 1
60 0 11 0
120 0 10 0
180 0 9 0
240 0 8 0
300 0 1000 1
360 0 1000 1
420 0 1000 1
480 0 1000 1
540 0 1000 1
0 60 1000 1
60 60 12 0
120 60 1000 1
180 60 1000 1
240 60 7 0
300 60 1000 1
360 60 1000 0
420 60 1000 1
480 60 1000 1
540 60 1000 1
0 120 1000 1
60 120 13 0
120 120 1000 1
180 120 1000 1
240 120 6 0
300 120 5 0
360 120 4 0
420 120 3 0
480 120 2 0
540 120 1 0
0 180 1000 1
60 180 14 0
120 180 1000 1
180 180 1000 1
240 180 1000 1
300 180 1000 1
360 180 1000 0
420 180 1000 0
480 180 1000 1
540 180 2 0
0 240 21 0
60 240 20 0
120 240 1000 1
180 240 1000 1
240 240 12 0
300 240 11 0
360 240 10 0
420 240 1000 1
480 240 1000 1
540 240 3 0
0 300 21 0
60 300 20 0
120 300 19 0
180 300 14 0
240 300 13 0
300 300 1000 1
360 300 9 0
420 300 1000 0
480 300 1000 1
540 300 4 0
0 360 1000 1
60 360 1000 1
120 360 18 0
180 360 1000 1
240 360 1000 1
300 360 1000 1
360 360 8 0
420 360 7 0
480 360 6 0
540 360 5 0
0 420 1000 1
60 420 1000 1
120 420 17 0
180 420 1000 1
240 420 1000 1
300 420 1000 1
360 420 1000 1
420 420 1000 1
480 420 1000 1
540 420 6 0
0 480 1000 1
60 480 1000 1
120 480 16 0
180 480 1000 1
240 480 1000 1
300 480 1000 1
360 480 1000 1
420 480 1000 1
480 480 1000 1
540 480 7 0
0 540 1000 1
60 540 1000 1
120 540 15 0
180 540 14 0
240 540 13 0
300 540 12 0
360 540 11 0
420 540 10 0
480 540 9 0
540 540 8 0
600 0
999700
4
50
420 300
standard
assets/tower/2
15
1
64
360 180
standard
assets/tower/2
15
1
88
420 180
standard
assets/tower/2
12
1
114
360 60
standard
assets/tower/2
16
1
17
33
assets/enemies/1
583 155
0 132
23 44
0
540 120 1 0
North 583 155
5
0
40
0
50
0
0
0
0
34
assets/enemies/2
460.8 156
0 1152
64 64
0
420 120 3 0
East 518 156
45
0
32
0
50
0
0
0
0
35
assets/enemies/2
561.3 579
0 1152
64 64
9
540 540 8 0
East 575 579
45
0
41
0
50
0
0
0
0
36
assets/enemies/1
582 163
0 0
23 44
2
540 120 1 0
East 582 163
15
0
47
0
50
0
0
0
0
37
assets/enemies/1
578 165
0 132
23 44
9
540 120 1 0
North 578 165
32
0
4
0
50
0
0
0
0
38
assets/enemies/2
583 249.3
0 1024
64 64
6
540 240 3 0
North 583 215
43
0
10
0
50
0
0
0
0
39
assets/enemies/2
580 271.4
0 960
64 64
8
540 240 3 0
North 580 224
45
0
23
0
50
0
0
0
0
40
assets/enemies/1
576 165
0 88
23 44
5
540 120 1 0
North 576 165
33
0
31
0
50
0
0
0
0
41
assets/enemies/2
527.6 578
0 832
64 64
2
480 540 9 0
East 582 578
45
0
39
0
50
0
0
0
0
42
assets/enemies/1
583 164
0 132
23 44
3
540 120 1 0
North 583 164
34
0
48
0
50
0
0
0
0
43
assets/enemies/2
392.3 159
0 768
64 64
8
360 120 4 0
East 402 159
45
0
6
0
50
0
0
0
0
44
assets/enemies/2
585 551.6
0 704
64 64
7
540 540 8 0
North 585 517
45
0
16
0
50
0
0
0
0
45
assets/enemies/2
375.6 165
0 640
64 64
6
360 120 4 0
East 403 165
45
0
26
0
50
0
0
0
0
46
assets/enemies/1
581 161
0 0
23 44
4
540 120 1 0
North 581 161
28
0
36
0
50
0
0
0
0
47
assets/enemies/2
367 155
0 576
64 64
10
360 120 4 0
East 404 155
45
0
41
0
50
0
0
0
0
48
assets/enemies/2
347.7 163
0 448
64 64
6
300 120 5 0
East 402 163
45
0
9
0
50
0
0
0
0
127
assets/enemies/1
183.5 342
0 44
23 44
4
180 300 14 0
East 220 342
35
0
33
0
50
0
0
0
0
10
122
36
assets/projectiles/standard
482.745 174.546
123
33
assets/projectiles/standard
489.481 113.569
124
33
assets/projectiles/standard
521.953 164.4
125
38
assets/projectiles/standard
495.315 281.915
126
36
assets/projectiles/standard
431.187 194.255
128
33
assets/projectiles/standard
432.191 99.9957
129
33
assets/projectiles/standard
462.237 202.245
130
38
assets/projectiles/standard
453.566 326.027
131
36
assets/projectiles/standard
393.888 208.514
132
33
assets/projectiles/standard
392.087 90.4944
99998904 100000000
0 0 0 0
assets/base/1/config.txt
983
1000
